Group	Mode_1	Mode_2	Mode_3	Control_1	Control_2	Control_3	Treat_1	Treat_2	Treat_3
TKQTAR(H3_3_8)									
H3_3_8 unmod	0.136816	0.137186073	0.135958358	0.786285	0.787942925	0.776823013	0.813888	0.809910642	0.816182193
H3_3_8 K4me1	0.001506	0.001399337	0.001459921	0.209731	0.201890688	0.206185144	0.181357	0.177085148	0.185031271
H3_3_8 K4me2	0.482272	0.483831566	0.484520933	0.003014	0.003045605	0.003011219	0.002573	0.002460642	0.002500655
H3_3_8 K4me3	0.162798	0.177041434	0.164758909	0.000968	0.000969145	0.000969805	0.000777	0.000778528	0.000773744
H3_3_8 K4ac	0.216609	0.217960905	0.217008097	0.000001	9.63453E-07	9.58944E-07	0.001405	0.001292105	0.001398784
KSTGGKAPR(H3_9_17)									
H3_9_17 unmod	0.150889	0.14949913	0.151161072	0.142002	0.133811885	0.14126821	0.169558	0.165860227	0.171477451
H3_9_17 K9me1	0.071005	0.071119163	0.070950966	0.050057	0.050259292	0.049391598	0.048064	0.048085366	0.047871689
H3_9_17 K9me2	0.285293	0.295713161	0.27708914	0.27941	0.280030622	0.277963272	0.273718	0.273341837	0.275602683
H3_9_17 K9me3	0.232762	0.234910889	0.237705713	0.259142	0.254661778	0.253348217	0.252691	0.251311908	0.255800521
H3_9_17 K9ac	0.003812	0.0039015	0.003848685	0.006715	0.006768325	0.006743773	0.005325	0.005309039	0.005253909
H3_9_17 K14ac	0.046468	0.047695074	0.047088892	0.042319	0.042694783	0.042499654	0.04877	0.048670946	0.048773114
H3_9_17 K9me1K14ac	0.027027	0.027141489	0.027132859	0.04337	0.0452678	0.043076414	0.039998	0.039676198	0.040451573
H3_9_17 K9me2K14ac	0.114828	0.121384458	0.118813555	0.111345	0.113110924	0.104622975	0.103878	0.109918655	0.09837604
H3_9_17 K9me3K14ac	0.056856	0.057489168	0.056617672	0.054923	0.05395292	0.055647048	0.048135	0.046611974	0.047724815
H3_9_17 K9acK14ac	0.01106	0.009997638	0.010957421	0.010717	0.010786479	0.011294043	0.009864	0.009886162	0.009870324
KQLATKAAR(H3_18_26)									
H3_18_26 unmod	0.664999	0.664856247	0.670567525	0.646961	0.634702015	0.660696518	0.665281	0.663575509	0.668888378
H3_18_26 K23me1	0.001657	0.001597839	0.001621619	0.001353	0.001445276	0.001307231	0.000466	0.00047001	0.00046642
H3_18_26 K18me1	0.007662	0.00765791	0.007680496	0.000499	0.000502321	0.000501455	0.000619	0.000625931	0.000629977
H3_18_26 K18me1K23me1	0	0	0	0	0	0	0	0	0
H3_18_26 K18ac	0.04687	0.04686022	0.046481295	0.056436	0.05584675	0.057299283	0.040609	0.041771335	0.04064662
H3_18_26 K23ac	0.235788	0.235677648	0.229649507	0.25826	0.260097357	0.258563567	0.261247	0.271906287	0.259033534
H3_18_26 K18acK23ac	0.043024	0.042929915	0.042977558	0.03649	0.037786676	0.035299211	0.031778	0.031823764	0.031773186
KSAPATGGVKKPHR(H3_27_40)									
H3_27_40 unmod	0.047774	0.047630758	0.04715893	0.050706	0.049790189	0.049633205	0.05004	0.050185801	0.049793838
H3_27_40 K36me1	0.006789	0.006762373	0.006805608	0.007707	0.007617564	0.007615277	0.006773	0.006781973	0.006902491
H3_27_40 K27me1	0.060964	0.06113774	0.06135315	0.065307	0.065626387	0.065889355	0.065091	0.064600769	0.065186655
H3_27_40 K27me2	0.253167	0.255412977	0.259531014	0.25408	0.253514118	0.256149967	0.236796	0.240767398	0.231625189
H3_27_40 K36me2	0.000614	0.000610759	0.000611903	0.017864	0.017443469	0.018419888	0.000959	0.00095316	0.000963216
H3_27_40 K27me3	0.162468	0.157812393	0.159391425	0.170405	0.177269478	0.169455545	0.171905	0.173367322	0.173971881
H3_27_40 K36me3	0.053381	0.052593838	0.054132344	0.038082	0.038339998	0.037922827	0.018941	0.018912844	0.018801304
H3_27_40 K27me2K36me1	0.072228	0.072526941	0.07213743	0.098918	0.099526698	0.099013856	0.12564	0.135602379	0.122746083
H3_27_40 K27me1K36me2	0.038843	0.03761028	0.038364882	0.038441	0.03838069	0.038547476	0.032298	0.032127017	0.032563206
H3_27_40 K27me1K36me1	0.020741	0.020388284	0.02098817	0.023374	0.023707885	0.023188954	0.020225	0.019824642	0.020141975
H3_27_40 K27me3K36me1	0.095508	0.095732345	0.096273223	0.089622	0.089125243	0.089529977	0.080564	0.080404281	0.08065327
H3_27_40 K27me1K36me3	0.019404	0.019417013	0.018312931	0.01821	0.018668113	0.01739167	0.01615	0.016158641	0.016184838
H3_27_40 K27me2K36me2	0.11657	0.119626571	0.115740417	0.126268	0.126103022	0.129255917	0.120052	0.120968488	0.116775659
H3_27_40 K27me3K36me2	0.050907	0.050960401	0.050575845	0.000609	0.000615462	0.000601802	0.053994	0.055262027	0.053861818
H3_27_40 K27ac	0.000643	0.000630102	0.000669066	0.000405	0.000399904	0.00040746	0.000572	0.000583604	0.000577421
KSAPSTGGVKKPHR(H33_27_40)									
H33_27_40 unmod	0.038457	0.038548953	0.038048919	0.033179	0.033738908	0.033114995	0.032485	0.03264752	0.032653597
H33_27_40 K36me1	0.013209	0.012874957	0.012118126	0.011462	0.011148864	0.01187375	0.015379	0.015341344	0.015322308
H33_27_40 K27me1	0.02521	0.025183099	0.025297827	0.022236	0.022664738	0.021167575	0.024241	0.02429744	0.024287851
H33_27_40 K27me2	0.12128	0.13277952	0.117995078	0.144537	0.141999193	0.142293732	0.11997	0.119602153	0.118808482
H33_27_40 K36me2	0.045108	0.044885813	0.045070332	0.047623	0.047498293	0.047396262	0.049455	0.049617464	0.051332804
H33_27_40 K27me3	0.111981	0.104105423	0.118557588	0.112226	0.120232429	0.108100792	0.10368	0.11676353	0.109883136
H33_27_40 K36me3	0.018542	0.018817696	0.018661357	0.005899	0.005903435	0.005913461	0.025915	0.025733753	0.026205019
H33_27_40 K27me2K36me1	0.163333	0.166675248	0.182833074	0.159576	0.159306264	0.155340459	0.147925	0.151270684	0.145846835
H33_27_40 K27me1K36me2	0.073084	0.072806562	0.073995805	0.065595	0.066091648	0.065817828	0.073864	0.073046561	0.074253956
H33_27_40 K27me1K36me1	0.025128	0.024636617	0.024908166	0.019679	0.021011796	0.018388422	0.024792	0.025288646	0.024698809
H33_27_40 K27me3K36me1	0.067839	0.067609259	0.067506175	0.069992	0.071010602	0.070295847	0.079112	0.079028601	0.078977752
H33_27_40 K27me1K36me3	0.032102	0.032449231	0.031555917	0.029503	0.029247201	0.029592039	0.034745	0.03403261	0.033730954
H33_27_40 K27me2K36me2	0.194408	0.200660051	0.186378629	0.20395	0.199983185	0.210529684	0.18778	0.187269174	0.190959537
H33_27_40 K27me3K36me2	0.068732	0.068734952	0.06863427	0.072804	0.07266346	0.073095607	0.077285	0.077004378	0.076877084
H33_27_40 K27ac	0.001587	0.001576508	0.001576478	0.00174	0.001677398	0.001876328	0.003372	0.003353239	0.003319934
YRPGTVALR(H3_41_49)									
H3_41_49 unmod	0.999984	0.991872885	0.997630333	1	1.030421814	1.045693464	0.999999	1.002768809	1.002473933
H3_41_49 Y41ph	0.000016	1.68897E-05	1.6331E-05	0	0	0	0.000001	9.99683E-07	9.97205E-07
YQKSTELLIR(H3_54_63)									
H3_54_63 unmod	0.943964	0.945025264	0.94515543	0.901659	0.906849314	0.901749255	0.926519	0.923838173	0.921605179
H3_54_63 K56me1	0.000119	0.000134065	0.000131046	0	0	0	0.000819	0.000816693	0.000815899
H3_54_63 K56me2	0.053933	0.053097088	0.052907664	0.07109	0.071091029	0.070879862	0.062683	0.063887854	0.062946972
H3_54_63 K56me3	0.001286	0.001287437	0.001285101	0.021315	0.020457247	0.02018289	0.007463	0.007522486	0.007457756
H3_54_63 K56ac	0.000698	0.000707244	0.000699056	0.005936	0.00591443	0.005842846	0.002517	0.002515029	0.002531191
EIAQDFKTDLR(H3_73_83)									
H3_73_83 unmod	0.018173	0.017954643	0.018854632	0.03948	0.040068531	0.039671332	0.024467	0.024927706	0.024469175
H3_73_83 K79me1	0.004875	0.004877772	0.004883488	0.009975	0.009956858	0.009987145	0.001474	0.001414153	0.001568965
H3_73_83 K79me2	0.976172	0.968936762	0.967467679	0.949632	0.966593705	0.962534697	0.971495	0.979468556	0.973711087
H3_73_83 K79me3	0.000589	0.000589033	0.000589941	0.000191	0.000187336	0.000190872	0.001537	0.001539369	0.001479972
H3_73_83 K79ac	0.000191	0.000198029	0.000200367	0.000722	0.000725152	0.000726429	0.001026	0.000905796	0.001081053
VTIMPKDIQLAR(H3_117_128)									
H3_117_128 unmod	0.596713	0.590783887	0.60700979	0.755999	0.756677226	0.756297407	0.698113	0.701276147	0.702240409
H3_117_128 K122ac	0.403287	0.404832785	0.412849457	0.244001	0.245436748	0.246964629	0.301887	0.296388498	0.319317093
GKGGKGLGKGGAKR(H4_4_17)									
H4_4_17 unmod	0.842685	0.838674271	0.84216833	0.839187	0.837544237	0.842492532	0.834787	0.837357924	0.836349619
H4_4_17 K5ac	0.008162	0.008170052	0.008231875	0.016325	0.016294061	0.016843358	0.009152	0.009131918	0.009202467
H4_4_17 K8ac	0.010512	0.009433965	0.010299567	0.007903	0.007908732	0.007960919	0.010767	0.010331988	0.010512247
H4_4_17 K12ac	0.017794	0.017891392	0.017124167	0.010122	0.009979726	0.010428152	0.025841	0.024717268	0.026122177
H4_4_17 K16ac	0.000283	0.000292033	0.000290678	0.000277	0.000272827	0.000268804	0.00051	0.000509922	0.000508932
H4_4_17 K5acK8ac	0.003117	0.003067341	0.002881208	0.002448	0.002446302	0.00246247	0.002958	0.003015276	0.002970558
H4_4_17 K5acK12ac	0.003405	0.003344803	0.003393549	0.002619	0.002581694	0.002631941	0.002157	0.002186543	0.002074065
H4_4_17 K5acK16ac	0.013738	0.013635856	0.013547974	0.01239	0.012420331	0.012617331	0.014489	0.016199722	0.0131711
H4_4_17 K8acK12ac	0.003759	0.003745849	0.003763625	0.003039	0.003049091	0.002995776	0.003144	0.003160026	0.003132756
H4_4_17 K8acK16ac	0.025626	0.025933273	0.025033305	0.020971	0.021075096	0.020758789	0.025155	0.024398334	0.025704766
H4_4_17 K12acK16ac	0.040942	0.04105658	0.039806352	0.055497	0.054708104	0.055880379	0.042456	0.043366852	0.043312411
H4_4_17 K5acK8acK12ac	0.003054	0.003022608	0.00305447	0.002943	0.002955749	0.002941031	0.003824	0.00394129	0.003829825
H4_4_17 K5acK8acK16ac	0.0056	0.005537461	0.005554685	0.005329	0.005273484	0.005339949	0.004612	0.004650451	0.004602618
H4_4_17 K5acK12acK16ac	0.00465	0.004637594	0.004754531	0.006059	0.00604944	0.006060757	0.005291	0.005303831	0.005305486
H4_4_17 K8acK12acK16ac	0.013164	0.012491577	0.014142599	0.012448	0.013197487	0.012284867	0.012111	0.012426985	0.012187524
H4_4_17 K5acK8acK12acK16ac	0.003508	0.00347542	0.003568461	0.002444	0.002573666	0.00250329	0.002746	0.002976759	0.002820642
KVLR(H4_20_23)									
H4_20_23 unmod	0.026614	0.026450912	0.024926017	0.030447	0.030605625	0.029994392	0.02775	0.027245167	0.027912605
H4_20_23 K20me1	0.181172	0.176301008	0.173644968	0.21497	0.211377547	0.206191173	0.164175	0.14461207	0.16334335
H4_20_23 K20me2	0.681858	0.682217562	0.681894203	0.749771	0.750886326	0.750802137	0.655258	0.65573897	0.660679287
H4_20_23 K20me3	0.110331	0.113550917	0.120213557	0.004796	0.004830118	0.004769659	0.1528	0.153147197	0.159251283
H4_20_23 K20ac	0.000024	2.44909E-05	2.52869E-05	0.000016	1.57781E-05	1.68949E-05	0.000017	1.66716E-05	1.74671E-05
DNIQGITKPAIR(H4_24_35)									
H4_24_35 unmod	1	0.996370323	1.011895478	1	0.958193836	1.068553113	1	1.057070247	0.987943384
RGGVKR(H4_40_45)									
H4_40_45 unmod	0.995868	0.997693719	1.001484543	0.992336	0.992410799	0.991206888	0.994334	0.994290429	0.993865493
H4_40_45 K44ac	0.004132	0.004149884	0.004290783	0.007664	0.007640214	0.007636914	0.005666	0.005660862	0.005671778
